1.000000e-003	2.531631e+000
1.010000e-001	2.531393e+000
2.010000e-001	2.530001e+000
3.010000e-001	2.527406e+000
4.010000e-001	2.523619e+000
5.010000e-001	2.518735e+000
6.010000e-001	2.512886e+000
7.010000e-001	2.506170e+000
8.010000e-001	2.498595e+000
9.010000e-001	2.490318e+000
1.001000e+000	2.480504e+000
1.101000e+000	2.469020e+000
1.201000e+000	2.457717e+000
1.301000e+000	2.443967e+000
1.401000e+000	2.430026e+000
1.501000e+000	2.414972e+000
1.601000e+000	2.398678e+000
1.701000e+000	2.380246e+000
1.801000e+000	2.362067e+000
1.901000e+000	2.341458e+000
2.001000e+000	2.320427e+000
2.101000e+000	2.298135e+000
2.201000e+000	2.274399e+000
2.301000e+000	2.249187e+000
2.401000e+000	2.221844e+000
2.501000e+000	2.193979e+000
2.601000e+000	2.165466e+000
2.701000e+000	2.134135e+000
2.801000e+000	2.101774e+000
2.901000e+000	2.067551e+000
3.001000e+000	2.031821e+000
3.101000e+000	1.995007e+000
3.201000e+000	1.956298e+000
3.301000e+000	1.915391e+000
3.401000e+000	1.872717e+000
3.501000e+000	1.828407e+000
3.601000e+000	1.782841e+000
3.701000e+000	1.735350e+000
3.801000e+000	1.685988e+000
3.901000e+000	1.634842e+000
4.001000e+000	1.581703e+000
4.101000e+000	1.527295e+000
4.201000e+000	1.472667e+000
4.301000e+000	1.417372e+000
4.401000e+000	1.361847e+000
4.501000e+000	1.306645e+000
4.601000e+000	1.252610e+000
4.701000e+000	1.199850e+000
4.801000e+000	1.149361e+000
4.901000e+000	1.101273e+000
5.001000e+000	1.056639e+000
5.101000e+000	1.015196e+000
5.201000e+000	9.769426e-001
5.301000e+000	9.417774e-001
5.401000e+000	9.094502e-001
5.501000e+000	8.799470e-001
5.601000e+000	8.528996e-001
5.701000e+000	8.280810e-001
5.801000e+000	8.052713e-001
5.901000e+000	7.842654e-001
6.001000e+000	7.648754e-001
6.101000e+000	7.469326e-001
6.201000e+000	7.304505e-001
6.301000e+000	7.149466e-001
6.401000e+000	7.004907e-001
6.501000e+000	6.869784e-001
6.601000e+000	6.743180e-001
6.701000e+000	6.624285e-001
6.801000e+000	6.512384e-001
6.901000e+000	6.406845e-001
7.001000e+000	6.307109e-001
7.101000e+000	6.212678e-001
7.201000e+000	6.123109e-001
7.301000e+000	6.038008e-001
7.401000e+000	5.957020e-001
7.501000e+000	5.879830e-001
7.601000e+000	5.806152e-001
7.701000e+000	5.735730e-001
7.801000e+000	5.668331e-001
7.901000e+000	5.603745e-001
8.001000e+000	5.541782e-001
8.101000e+000	5.483661e-001
8.201000e+000	5.426329e-001
8.301000e+000	5.371153e-001
8.401000e+000	5.318001e-001
8.501000e+000	5.266751e-001
8.601000e+000	5.217290e-001
8.701000e+000	5.169515e-001
8.801000e+000	5.123330e-001
8.901000e+000	5.078648e-001
9.001000e+000	5.035388e-001
9.101000e+000	4.993473e-001
9.201000e+000	4.952833e-001
9.301000e+000	4.913405e-001
9.401000e+000	4.875127e-001
9.501000e+000	4.837943e-001
9.601000e+000	4.801800e-001
9.701000e+000	4.766648e-001
9.801000e+000	4.732444e-001
9.901000e+000	4.699141e-001
1.000100e+001	4.666702e-001
1.010100e+001	4.635087e-001
1.020100e+001	4.604260e-001
1.030100e+001	4.574190e-001
1.040100e+001	4.544843e-001
1.050100e+001	4.516190e-001
1.060100e+001	4.488203e-001
1.070100e+001	4.460856e-001
1.080100e+001	4.434123e-001
1.090100e+001	4.407980e-001
1.100100e+001	4.382405e-001
1.110100e+001	4.357377e-001
1.120100e+001	4.332876e-001
1.130100e+001	4.308882e-001
1.140100e+001	4.285377e-001
1.150100e+001	4.262343e-001
1.160100e+001	4.239765e-001
1.170100e+001	4.217626e-001
1.180100e+001	4.195912e-001
1.190100e+001	4.174608e-001
1.200100e+001	4.153700e-001
1.210100e+001	4.133176e-001
1.220100e+001	4.113023e-001
1.230100e+001	4.093229e-001
1.240100e+001	4.073784e-001
1.250100e+001	4.054675e-001
1.260100e+001	4.035892e-001
1.270100e+001	4.017427e-001
1.280100e+001	3.999268e-001
1.290100e+001	3.981407e-001
1.300100e+001	3.963836e-001
1.310100e+001	3.946545e-001
1.320100e+001	3.929526e-001
1.330100e+001	3.912773e-001
1.340100e+001	3.896276e-001
1.350100e+001	3.880030e-001
1.360100e+001	3.864026e-001
1.370100e+001	3.848259e-001
1.380100e+001	3.832722e-001
1.390100e+001	3.817409e-001
1.400100e+001	3.802313e-001
1.410100e+001	3.787430e-001
1.420100e+001	3.772753e-001
1.430100e+001	3.758276e-001
1.440100e+001	3.743996e-001
1.450100e+001	3.729906e-001
1.460100e+001	3.716003e-001
1.470100e+001	3.702280e-001
1.480100e+001	3.688735e-001
1.490100e+001	3.675362e-001
1.500100e+001	3.662157e-001
1.510100e+001	3.649116e-001
1.520100e+001	3.636235e-001
1.530100e+001	3.623510e-001
1.540100e+001	3.610938e-001
1.550100e+001	3.598515e-001
1.560100e+001	3.586237e-001
1.570100e+001	3.574101e-001
1.580100e+001	3.562104e-001
1.590100e+001	3.550243e-001
1.600100e+001	3.538513e-001
1.610100e+001	3.526913e-001
1.620100e+001	3.515440e-001
1.630100e+001	3.504090e-001
1.640100e+001	3.492860e-001
1.650100e+001	3.481749e-001
1.660100e+001	3.470754e-001
1.670100e+001	3.459871e-001
1.680100e+001	3.449098e-001
1.690100e+001	3.438434e-001
1.700100e+001	3.427875e-001
1.710100e+001	3.417420e-001
1.720100e+001	3.407066e-001
1.730100e+001	3.396810e-001
1.740100e+001	3.386652e-001
1.750100e+001	3.376588e-001
1.760100e+001	3.366616e-001
1.770100e+001	3.356736e-001
1.780100e+001	3.346944e-001
1.790100e+001	3.337240e-001
1.800100e+001	3.327620e-001
1.810100e+001	3.318083e-001
1.820100e+001	3.308628e-001
1.830100e+001	3.299254e-001
1.840100e+001	3.289957e-001
1.850100e+001	3.280736e-001
1.860100e+001	3.271591e-001
1.870100e+001	3.262518e-001
1.880100e+001	3.253518e-001
1.890100e+001	3.244588e-001
1.900100e+001	3.235726e-001
1.910100e+001	3.226932e-001
1.920100e+001	3.218204e-001
1.930100e+001	3.209541e-001
1.940100e+001	3.200940e-001
1.950100e+001	3.192402e-001
1.960100e+001	3.183924e-001
1.970100e+001	3.175506e-001
1.980100e+001	3.167145e-001
1.990100e+001	3.158841e-001
2.000100e+001	3.150592e-001
2.010100e+001	3.142398e-001
2.020100e+001	3.134257e-001
2.030100e+001	3.126168e-001
2.040100e+001	3.118130e-001
2.050100e+001	3.110142e-001
2.060100e+001	3.102202e-001
2.070100e+001	3.094310e-001
2.080100e+001	3.086464e-001
2.090100e+001	3.078664e-001
2.100100e+001	3.070908e-001
2.110100e+001	3.063195e-001
2.120100e+001	3.055525e-001
2.130100e+001	3.047896e-001
2.140100e+001	3.040307e-001
2.150100e+001	3.032757e-001
2.160100e+001	3.025246e-001
2.170100e+001	3.017772e-001
2.180100e+001	3.010335e-001
2.190100e+001	3.002933e-001
2.200100e+001	2.995565e-001
2.210100e+001	2.988231e-001
2.220100e+001	2.980930e-001
2.230100e+001	2.973661e-001
2.240100e+001	2.966423e-001
2.250100e+001	2.959215e-001
2.260100e+001	2.952036e-001
2.270100e+001	2.944885e-001
2.280100e+001	2.937762e-001
2.290100e+001	2.930665e-001
2.300100e+001	2.923593e-001
2.310100e+001	2.916547e-001
2.320100e+001	2.909525e-001
2.330100e+001	2.902525e-001
2.340100e+001	2.895548e-001
2.350100e+001	2.888591e-001
2.360100e+001	2.881655e-001
2.370100e+001	2.874739e-001
2.380100e+001	2.867842e-001
2.390100e+001	2.860962e-001
2.400100e+001	2.854100e-001
2.410100e+001	2.847253e-001
2.420100e+001	2.840422e-001
2.430100e+001	2.833606e-001
2.440100e+001	2.826802e-001
2.450100e+001	2.820012e-001
2.460100e+001	2.813233e-001
2.470100e+001	2.806465e-001
2.480100e+001	2.799707e-001
2.490100e+001	2.792958e-001
2.500100e+001	2.786217e-001
2.510100e+001	2.779483e-001
2.520100e+001	2.772756e-001
2.530100e+001	2.766034e-001
2.540100e+001	2.759316e-001
2.550100e+001	2.752601e-001
2.560100e+001	2.745889e-001
2.570100e+001	2.739178e-001
2.580100e+001	2.732468e-001
2.590100e+001	2.725757e-001
2.600100e+001	2.719044e-001
2.610100e+001	2.712329e-001
2.620100e+001	2.705609e-001
2.630100e+001	2.698885e-001
2.640100e+001	2.692154e-001
2.650100e+001	2.685416e-001
2.660100e+001	2.678670e-001
2.670100e+001	2.671913e-001
2.680100e+001	2.665146e-001
2.690100e+001	2.658367e-001
2.700100e+001	2.651574e-001
2.710100e+001	2.644766e-001
2.720100e+001	2.637941e-001
2.730100e+001	2.631099e-001
2.740100e+001	2.624237e-001
2.750100e+001	2.617355e-001
2.760100e+001	2.610450e-001
2.770100e+001	2.603521e-001
2.780100e+001	2.596566e-001
2.790100e+001	2.589583e-001
2.800100e+001	2.582571e-001
2.810100e+001	2.575528e-001
2.820100e+001	2.568452e-001
2.830100e+001	2.561341e-001
2.840100e+001	2.554192e-001
2.850100e+001	2.547003e-001
2.860100e+001	2.539772e-001
2.870100e+001	2.532497e-001
2.880100e+001	2.525175e-001
2.890100e+001	2.517804e-001
2.900100e+001	2.510380e-001
2.910100e+001	2.502900e-001
2.920100e+001	2.495363e-001
2.930100e+001	2.487763e-001
2.940100e+001	2.480099e-001
2.950100e+001	2.472365e-001
2.960100e+001	2.464560e-001
2.970100e+001	2.456677e-001
2.980100e+001	2.448714e-001
2.990100e+001	2.440665e-001
3.000100e+001	2.432525e-001
3.010100e+001	2.424290e-001
3.020100e+001	2.415954e-001
3.030100e+001	2.407510e-001
3.040100e+001	2.398954e-001
3.050100e+001	2.390277e-001
3.060100e+001	2.381472e-001
3.070100e+001	2.372532e-001
3.080100e+001	2.363449e-001
3.090100e+001	2.354211e-001
3.100100e+001	2.344811e-001
3.110100e+001	2.335236e-001
3.120100e+001	2.325475e-001
3.130100e+001	2.315514e-001
3.140100e+001	2.305341e-001
3.150100e+001	2.294937e-001
3.160100e+001	2.284287e-001
3.170100e+001	2.273371e-001
3.180100e+001	2.262167e-001
3.190100e+001	2.250651e-001
3.200100e+001	2.238796e-001
3.210100e+001	2.226571e-001
3.220100e+001	2.213943e-001
3.230100e+001	2.200870e-001
3.240100e+001	2.187309e-001
3.250100e+001	2.173206e-001
3.260100e+001	2.158501e-001
3.270100e+001	2.143123e-001
3.280100e+001	2.126988e-001
3.290100e+001	2.109998e-001
3.300100e+001	2.092034e-001
3.310100e+001	2.072956e-001
3.320100e+001	2.052595e-001
3.330100e+001	2.030755e-001
3.340100e+001	2.007215e-001
3.350100e+001	1.981771e-001
3.360100e+001	1.954375e-001
3.370100e+001	1.925659e-001
3.380100e+001	1.899023e-001
3.390100e+001	1.889002e-001
3.400100e+001	1.936440e-001
3.410100e+001	2.035241e-001
3.420100e+001	2.133590e-001
3.430100e+001	2.219460e-001
3.440100e+001	2.293532e-001
3.450100e+001	2.358544e-001
3.460100e+001	2.416538e-001
3.470100e+001	2.468970e-001
3.480100e+001	2.516895e-001
3.490100e+001	2.561090e-001
3.500100e+001	2.602145e-001
3.510100e+001	2.640517e-001
3.520100e+001	2.676566e-001
3.530100e+001	2.710582e-001
3.540100e+001	2.742803e-001
3.550100e+001	2.773423e-001
3.560100e+001	2.802607e-001
3.570100e+001	2.830493e-001
3.580100e+001	2.857200e-001
3.590100e+001	2.882830e-001
3.600100e+001	2.907472e-001
3.610100e+001	2.931204e-001
3.620100e+001	2.954093e-001
3.630100e+001	2.976200e-001
3.640100e+001	2.997579e-001
3.650100e+001	3.018278e-001
3.660100e+001	3.038340e-001
3.670100e+001	3.057804e-001
3.680100e+001	3.076705e-001
3.690100e+001	3.095076e-001
3.700100e+001	3.112946e-001
3.710100e+001	3.130341e-001
3.720100e+001	3.147286e-001
3.730100e+001	3.163804e-001
3.740100e+001	3.179914e-001
3.750100e+001	3.195638e-001
3.760100e+001	3.210992e-001
3.770100e+001	3.225992e-001
3.780100e+001	3.240656e-001
3.790100e+001	3.254995e-001
3.800100e+001	3.269025e-001
3.810100e+001	3.282758e-001
3.820100e+001	3.296205e-001
3.830100e+001	3.309378e-001
3.840100e+001	3.322286e-001
3.850100e+001	3.334941e-001
3.860100e+001	3.347350e-001
3.870100e+001	3.359522e-001
3.880100e+001	3.371466e-001
3.890100e+001	3.383190e-001
3.900100e+001	3.394701e-001
3.910100e+001	3.406006e-001
3.920100e+001	3.417111e-001
3.930100e+001	3.428023e-001
3.940100e+001	3.438748e-001
3.950100e+001	3.449292e-001
3.960100e+001	3.459659e-001
3.970100e+001	3.469856e-001
3.980100e+001	3.479887e-001
3.990100e+001	3.489746e-001
4.000100e+001	3.499460e-001
4.010100e+001	3.509021e-001
4.020100e+001	3.518434e-001
4.030100e+001	3.527704e-001
4.040100e+001	3.536833e-001
4.050100e+001	3.545825e-001
4.060100e+001	3.554684e-001
4.070100e+001	3.563414e-001
4.080100e+001	3.572017e-001
4.090100e+001	3.580497e-001
4.100100e+001	3.588856e-001
4.110100e+001	3.597098e-001
4.120100e+001	3.605225e-001
4.130100e+001	3.613240e-001
4.140100e+001	3.621146e-001
4.150100e+001	3.628945e-001
4.160100e+001	3.636640e-001
4.170100e+001	3.644233e-001
4.180100e+001	3.651726e-001
4.190100e+001	3.659121e-001
4.200100e+001	3.666420e-001
4.210100e+001	3.673626e-001
4.220100e+001	3.680741e-001
4.230100e+001	3.687766e-001
4.240100e+001	3.694703e-001
4.250100e+001	3.701555e-001
4.260100e+001	3.708322e-001
4.270100e+001	3.715006e-001
4.280100e+001	3.721610e-001
4.290100e+001	3.728135e-001
4.300100e+001	3.734581e-001
4.310100e+001	3.740952e-001
4.320100e+001	3.747248e-001
4.330100e+001	3.753470e-001
4.340100e+001	3.759621e-001
4.350100e+001	3.765701e-001
4.360100e+001	3.771711e-001
4.370100e+001	3.777654e-001
4.380100e+001	3.783529e-001
4.390100e+001	3.789339e-001
4.400100e+001	3.795085e-001
4.410100e+001	3.800767e-001
4.420100e+001	3.806387e-001
4.430100e+001	3.811946e-001
4.440100e+001	3.817445e-001
4.450100e+001	3.822885e-001
4.460100e+001	3.828267e-001
4.470100e+001	3.833592e-001
4.480100e+001	3.838860e-001
4.490100e+001	3.844074e-001
4.500100e+001	3.849233e-001
4.510100e+001	3.854339e-001
4.520100e+001	3.859392e-001
4.530100e+001	3.864394e-001
4.540100e+001	3.869344e-001
4.550100e+001	3.874245e-001
4.560100e+001	3.879096e-001
4.570100e+001	3.883899e-001
4.580100e+001	3.888655e-001
4.590100e+001	3.893363e-001
4.600100e+001	3.898025e-001
4.610100e+001	3.902641e-001
4.620100e+001	3.907212e-001
4.630100e+001	3.911739e-001
4.640100e+001	3.916223e-001
4.650100e+001	3.920664e-001
4.660100e+001	3.925062e-001
4.670100e+001	3.929419e-001
4.680100e+001	3.933735e-001
4.690100e+001	3.938010e-001
4.700100e+001	3.942245e-001
4.710100e+001	3.946441e-001
4.720100e+001	3.950598e-001
4.730100e+001	3.954717e-001
4.740100e+001	3.958799e-001
4.750100e+001	3.962843e-001
4.760100e+001	3.966850e-001
4.770100e+001	3.970822e-001
4.780100e+001	3.974757e-001
4.790100e+001	3.978658e-001
4.800100e+001	3.982524e-001
4.810100e+001	3.986355e-001
4.820100e+001	3.990153e-001
4.830100e+001	3.993918e-001
4.840100e+001	3.997650e-001
4.850100e+001	4.001349e-001
4.860100e+001	4.005016e-001
4.870100e+001	4.008652e-001
4.880100e+001	4.012256e-001
4.890100e+001	4.015830e-001
4.900100e+001	4.019373e-001
4.910100e+001	4.022886e-001
4.920100e+001	4.026370e-001
4.930100e+001	4.029824e-001
4.940100e+001	4.033249e-001
4.950100e+001	4.036646e-001
4.960100e+001	4.040015e-001
4.970100e+001	4.043356e-001
4.980100e+001	4.046669e-001
4.990100e+001	4.049955e-001
5.000100e+001	4.053215e-001
