1.000100e+000	2.701408e-001
1.050100e+000	2.366316e-001
1.100100e+000	2.054685e-001
1.150100e+000	1.804938e-001
1.200100e+000	1.609532e-001
1.250100e+000	1.458178e-001
1.300100e+000	1.339730e-001
1.350100e+000	1.247067e-001
1.400100e+000	1.169590e-001
1.450100e+000	1.105276e-001
1.500100e+000	1.050892e-001
1.550100e+000	1.004169e-001
1.600100e+000	9.652001e-002
1.650100e+000	9.289878e-002
1.700100e+000	8.968175e-002
1.750100e+000	8.679893e-002
1.800100e+000	8.419546e-002
1.850100e+000	8.182853e-002
1.900100e+000	7.966377e-002
1.950100e+000	7.767346e-002
2.000100e+000	7.583525e-002
2.050100e+000	7.413028e-002
2.100100e+000	7.254310e-002
2.150100e+000	7.106036e-002
2.200100e+000	6.967092e-002
2.250100e+000	6.836529e-002
2.300100e+000	6.713516e-002
2.350100e+000	6.597355e-002
2.400100e+000	6.487418e-002
2.450100e+000	6.383167e-002
2.500100e+000	6.284113e-002
2.550100e+000	6.189835e-002
2.600100e+000	6.099956e-002
2.650100e+000	6.014136e-002
2.700100e+000	5.932094e-002
2.750100e+000	5.853527e-002
2.800100e+000	5.778235e-002
2.850100e+000	5.705949e-002
2.900100e+000	5.636506e-002
2.950100e+000	5.569712e-002
3.000100e+000	5.505401e-002
3.050100e+000	5.443416e-002
3.100100e+000	5.383627e-002
3.150100e+000	5.325924e-002
3.200100e+000	5.270132e-002
3.250100e+000	5.216245e-002
3.300100e+000	5.163929e-002
3.350100e+000	5.110307e-002
3.400100e+000	5.064813e-002
3.450100e+000	5.020622e-002
3.500100e+000	4.970312e-002
3.550100e+000	4.923192e-002
3.600100e+000	4.882845e-002
3.650100e+000	4.842389e-002
3.700100e+000	4.800687e-002
3.750100e+000	4.760074e-002
3.800100e+000	4.720879e-002
3.850100e+000	4.682855e-002
3.900100e+000	4.645965e-002
3.950100e+000	4.610084e-002
4.000100e+000	4.574930e-002
4.050100e+000	4.540955e-002
4.100100e+000	4.640222e-002
4.150100e+000	4.424965e-002
4.200100e+000	4.441491e-002
4.250100e+000	4.408781e-002
4.300100e+000	4.384021e-002
4.350100e+000	4.357034e-002
4.400100e+000	4.321504e-002
4.450100e+000	4.238394e-002
4.500100e+000	4.266785e-002
4.550100e+000	4.242565e-002
4.600100e+000	4.214667e-002
4.650100e+000	4.187629e-002
4.700100e+000	4.203045e-002
4.750100e+000	4.135496e-002
4.800100e+000	4.111607e-002
4.850100e+000	4.087638e-002
4.900100e+000	4.064010e-002
4.950100e+000	3.990621e-002
5.000100e+000	4.019454e-002
5.050100e+000	3.998625e-002
5.100100e+000	3.971765e-002
5.150100e+000	3.946551e-002
5.200100e+000	3.932134e-002
5.250100e+000	3.915319e-002
5.300100e+000	3.887567e-002
5.350100e+000	3.864310e-002
5.400100e+000	3.849608e-002
5.450100e+000	3.833066e-002
5.500100e+000	3.813132e-002
5.550100e+000	3.793271e-002
5.600100e+000	3.774056e-002
5.650100e+000	3.755549e-002
5.700100e+000	3.737686e-002
5.750100e+000	3.720278e-002
5.800100e+000	3.702445e-002
5.850100e+000	3.685271e-002
5.900100e+000	3.670618e-002
5.950100e+000	3.657042e-002
6.000100e+000	3.637708e-002
6.050100e+000	3.614154e-002
6.100100e+000	3.636748e-002
6.150100e+000	3.533309e-002
6.200100e+000	3.575845e-002
6.250100e+000	3.553408e-002
6.300100e+000	3.539577e-002
6.350100e+000	3.528634e-002
6.400100e+000	3.515529e-002
6.450100e+000	3.500395e-002
6.500100e+000	3.485505e-002
6.550100e+000	3.471776e-002
6.600100e+000	3.458050e-002
6.650100e+000	3.443936e-002
6.700100e+000	3.431257e-002
6.750100e+000	3.417804e-002
6.800100e+000	3.405125e-002
6.850100e+000	3.391988e-002
6.900100e+000	3.379431e-002
6.950100e+000	3.366909e-002
7.000100e+000	3.354539e-002
7.050100e+000	3.342326e-002
7.100100e+000	3.330242e-002
7.150100e+000	3.309854e-002
7.200100e+000	3.306676e-002
7.250100e+000	3.291634e-002
7.300100e+000	3.283601e-002
7.350100e+000	3.272086e-002
7.400100e+000	3.261240e-002
7.450100e+000	3.249848e-002
7.500100e+000	3.238769e-002
7.550100e+000	3.229140e-002
7.600100e+000	3.216132e-002
7.650100e+000	3.203663e-002
7.700100e+000	3.197620e-002
7.750100e+000	3.181988e-002
7.800100e+000	3.146233e-002
7.850100e+000	3.169641e-002
7.900100e+000	3.148334e-002
7.950100e+000	3.137857e-002
8.000100e+000	3.163336e-002
8.050100e+000	3.224006e-002
8.100100e+000	3.162617e-002
8.150100e+000	3.109800e-002
8.200100e+000	3.097908e-002
8.250100e+000	3.088240e-002
8.300100e+000	3.079275e-002
8.350100e+000	3.070255e-002
8.400100e+000	3.060287e-002
8.450100e+000	3.050441e-002
8.500100e+000	3.040255e-002
8.550100e+000	3.029508e-002
8.600100e+000	3.023190e-002
8.650100e+000	3.021942e-002
8.700100e+000	3.015673e-002
8.750100e+000	2.998179e-002
8.800100e+000	2.984692e-002
8.850100e+000	2.983403e-002
8.900100e+000	2.980969e-002
8.950100e+000	2.972287e-002
9.000100e+000	3.034025e-002
9.050100e+000	2.953405e-002
9.100100e+000	2.944594e-002
9.150100e+000	2.936140e-002
9.200100e+000	2.928466e-002
9.250100e+000	2.920834e-002
9.300100e+000	2.911365e-002
9.350100e+000	2.902284e-002
9.400100e+000	2.894998e-002
9.450100e+000	2.891980e-002
9.500100e+000	2.890164e-002
9.550100e+000	2.880765e-002
9.600100e+000	2.863555e-002
9.650100e+000	2.855450e-002
9.700100e+000	2.882895e-002
9.750100e+000	2.853817e-002
9.800100e+000	2.845231e-002
9.850100e+000	2.835963e-002
9.900100e+000	2.828652e-002
9.950100e+000	2.821197e-002
1.000010e+001	2.813823e-002
1.005010e+001	2.807188e-002
1.010010e+001	2.800345e-002
1.015010e+001	2.791778e-002
1.020010e+001	2.783630e-002
1.025010e+001	2.776235e-002
1.030010e+001	2.772859e-002
1.035010e+001	2.773115e-002
1.040010e+001	2.769124e-002
1.045010e+001	2.755142e-002
1.050010e+001	2.741817e-002
1.055010e+001	2.741851e-002
1.060010e+001	2.739700e-002
1.065010e+001	2.735571e-002
1.070010e+001	2.728566e-002
1.075010e+001	2.720773e-002
1.080010e+001	2.713033e-002
1.085010e+001	2.707556e-002
1.090010e+001	2.701763e-002
1.095010e+001	2.695122e-002
1.100010e+001	2.690855e-002
1.105010e+001	2.685699e-002
1.110010e+001	2.677395e-002
1.115010e+001	2.666888e-002
1.120010e+001	2.661660e-002
1.125010e+001	2.663844e-002
1.130010e+001	2.664001e-002
1.135010e+001	2.655344e-002
1.140010e+001	2.642541e-002
1.145010e+001	2.634642e-002
1.150010e+001	2.630723e-002
1.155010e+001	2.626944e-002
1.160010e+001	2.623695e-002
1.165010e+001	2.619329e-002
1.170010e+001	2.626160e-002
1.175010e+001	2.609442e-002
1.180010e+001	2.603832e-002
1.185010e+001	2.597113e-002
1.190010e+001	2.592448e-002
1.195010e+001	2.590900e-002
1.200010e+001	2.578969e-002
1.205010e+001	2.584096e-002
1.210010e+001	2.571087e-002
1.215010e+001	2.560921e-002
1.220010e+001	2.559838e-002
1.225010e+001	2.554711e-002
1.230010e+001	2.554232e-002
1.235010e+001	2.549473e-002
1.240010e+001	2.544732e-002
1.245010e+001	2.538614e-002
1.250010e+001	2.535338e-002
1.255010e+001	2.530338e-002
1.260010e+001	2.527509e-002
1.265010e+001	2.524263e-002
1.270010e+001	2.520948e-002
1.275010e+001	2.518142e-002
1.280010e+001	2.512919e-002
1.285010e+001	2.502302e-002
1.290010e+001	2.491326e-002
1.295010e+001	2.488844e-002
1.300010e+001	2.490778e-002
1.305010e+001	2.490151e-002
1.310010e+001	2.485965e-002
1.315010e+001	2.462738e-002
1.320010e+001	2.445205e-002
1.325010e+001	2.467879e-002
1.330010e+001	2.464189e-002
1.335010e+001	2.459625e-002
1.340010e+001	2.457090e-002
1.345010e+001	2.578918e-002
1.350010e+001	2.451191e-002
1.355010e+001	2.442850e-002
1.360010e+001	2.415394e-002
1.365010e+001	2.442436e-002
1.370010e+001	2.425449e-002
1.375010e+001	2.399082e-002
1.380010e+001	2.452241e-002
1.385010e+001	2.419146e-002
1.390010e+001	2.417378e-002
1.395010e+001	2.412049e-002
1.400010e+001	2.405946e-002
1.405010e+001	2.403341e-002
1.410010e+001	2.399311e-002
1.415010e+001	2.395883e-002
1.420010e+001	2.392148e-002
1.425010e+001	2.386001e-002
1.430010e+001	2.381252e-002
1.435010e+001	2.379091e-002
1.440010e+001	2.379364e-002
1.445010e+001	2.379249e-002
1.450010e+001	2.375046e-002
1.455010e+001	2.366343e-002
1.460010e+001	2.357801e-002
1.465010e+001	2.389606e-002
1.470010e+001	2.350610e-002
1.475010e+001	2.349279e-002
1.480010e+001	2.381254e-002
1.485010e+001	2.385351e-002
1.490010e+001	2.339897e-002
1.495010e+001	2.335013e-002
1.500010e+001	2.333290e-002
1.505010e+001	2.332035e-002
1.510010e+001	2.329015e-002
1.515010e+001	2.484991e-002
1.520010e+001	2.315149e-002
1.525010e+001	2.378520e-002
1.530010e+001	2.325800e-002
1.535010e+001	2.254689e-002
1.540010e+001	2.305238e-002
1.545010e+001	2.302422e-002
1.550010e+001	2.297421e-002
1.555010e+001	2.294455e-002
1.560010e+001	2.291241e-002
1.565010e+001	2.287894e-002
1.570010e+001	2.284627e-002
1.575010e+001	2.293288e-002
1.580010e+001	2.278042e-002
1.585010e+001	2.274303e-002
1.590010e+001	2.271235e-002
1.595010e+001	2.254688e-002
1.600010e+001	2.259289e-002
1.605010e+001	2.261658e-002
1.610010e+001	2.278719e-002
1.615010e+001	2.255478e-002
1.620010e+001	2.251825e-002
1.625010e+001	2.248619e-002
1.630010e+001	2.245652e-002
1.635010e+001	2.242605e-002
1.640010e+001	2.239476e-002
1.645010e+001	2.236417e-002
1.650010e+001	2.233497e-002
1.655010e+001	2.236856e-002
1.660010e+001	2.198516e-002
1.665010e+001	2.223709e-002
1.670010e+001	2.220917e-002
1.675010e+001	2.217907e-002
1.680010e+001	2.214896e-002
1.685010e+001	2.211903e-002
1.690010e+001	2.209064e-002
1.695010e+001	2.206217e-002
1.700010e+001	2.202957e-002
1.705010e+001	2.199946e-002
1.710010e+001	2.196932e-002
1.715010e+001	2.193987e-002
1.720010e+001	2.190931e-002
1.725010e+001	2.187836e-002
1.730010e+001	2.184904e-002
1.735010e+001	2.182335e-002
1.740010e+001	2.179450e-002
1.745010e+001	2.176500e-002
1.750010e+001	2.173640e-002
1.755010e+001	2.170838e-002
1.760010e+001	2.168158e-002
1.765010e+001	2.165424e-002
1.770010e+001	2.162336e-002
1.775010e+001	2.159407e-002
1.780010e+001	2.156650e-002
1.785010e+001	2.153815e-002
1.790010e+001	2.151264e-002
1.795010e+001	2.148136e-002
1.800010e+001	2.145198e-002
1.805010e+001	2.142359e-002
1.810010e+001	2.139765e-002
1.815010e+001	2.157295e-002
1.820010e+001	2.134501e-002
1.825010e+001	2.131763e-002
1.830010e+001	2.128868e-002
1.835010e+001	2.126050e-002
1.840010e+001	2.123546e-002
1.845010e+001	2.120963e-002
1.850010e+001	2.118191e-002
1.855010e+001	2.115570e-002
1.860010e+001	2.112922e-002
1.865010e+001	2.132865e-002
1.870010e+001	2.101741e-002
1.875010e+001	2.105011e-002
1.880010e+001	2.102387e-002
1.885010e+001	2.099660e-002
1.890010e+001	2.097088e-002
1.895010e+001	2.094503e-002
1.900010e+001	2.091762e-002
1.905010e+001	2.089029e-002
1.910010e+001	2.086552e-002
1.915010e+001	2.084054e-002
1.920010e+001	2.081515e-002
1.925010e+001	2.079000e-002
1.930010e+001	2.076457e-002
1.935010e+001	2.073737e-002
1.940010e+001	2.070244e-002
1.945010e+001	2.008161e-002
1.950010e+001	2.065974e-002
1.955010e+001	2.063813e-002
1.960010e+001	2.061276e-002
1.965010e+001	2.058736e-002
1.970010e+001	2.056577e-002
1.975010e+001	2.054043e-002
1.980010e+001	2.051497e-002
1.985010e+001	2.044150e-002
1.990010e+001	2.046332e-002
1.995010e+001	2.043889e-002
2.000010e+001	2.041308e-002
2.005010e+001	2.038888e-002
2.010010e+001	2.036298e-002
2.015010e+001	2.033905e-002
2.020010e+001	2.031561e-002
2.025010e+001	2.029236e-002
2.030010e+001	2.026817e-002
2.035010e+001	2.024482e-002
2.040010e+001	2.073220e-002
2.045010e+001	2.044798e-002
2.050010e+001	2.015788e-002
2.055010e+001	2.015185e-002
2.060010e+001	2.012417e-002
2.065010e+001	2.009946e-002
2.070010e+001	2.006934e-002
2.075010e+001	2.003528e-002
2.080010e+001	2.004554e-002
2.085010e+001	2.004356e-002
2.090010e+001	2.002911e-002
2.095010e+001	2.000818e-002
2.100010e+001	1.998300e-002
2.105010e+001	1.995123e-002
2.110010e+001	1.990180e-002
2.115010e+001	1.984686e-002
2.120010e+001	1.984805e-002
2.125010e+001	1.981880e-002
2.130010e+001	2.015332e-002
2.135010e+001	1.976960e-002
2.140010e+001	1.973177e-002
2.145010e+001	1.974621e-002
2.150010e+001	1.970443e-002
2.155010e+001	1.972911e-002
2.160010e+001	1.970434e-002
2.165010e+001	1.967177e-002
2.170010e+001	1.962229e-002
2.175010e+001	1.957020e-002
2.180010e+001	1.965160e-002
2.185010e+001	1.954187e-002
2.190010e+001	1.952114e-002
2.195010e+001	1.950265e-002
2.200010e+001	1.973146e-002
2.205010e+001	1.948131e-002
2.210010e+001	1.944597e-002
2.215010e+001	1.939703e-002
2.220010e+001	1.935369e-002
2.225010e+001	1.931874e-002
2.230010e+001	1.928537e-002
2.235010e+001	1.929046e-002
2.240010e+001	1.931777e-002
2.245010e+001	1.926622e-002
2.250010e+001	1.925184e-002
2.255010e+001	1.923070e-002
2.260010e+001	1.921798e-002
2.265010e+001	1.916266e-002
2.270010e+001	1.916229e-002
2.275010e+001	1.917597e-002
2.280010e+001	1.916310e-002
2.285010e+001	1.833447e-002
2.290010e+001	1.908364e-002
2.295010e+001	1.905278e-002
2.300010e+001	1.901671e-002
2.305010e+001	1.901896e-002
2.310010e+001	1.895797e-002
2.315010e+001	1.896640e-002
2.320010e+001	1.894725e-002
2.325010e+001	1.891328e-002
2.330010e+001	1.887873e-002
2.335010e+001	1.889881e-002
2.340010e+001	1.889839e-002
2.345010e+001	1.970047e-002
2.350010e+001	1.930677e-002
2.355010e+001	1.876641e-002
2.360010e+001	1.876786e-002
2.365010e+001	1.874316e-002
2.370010e+001	1.872746e-002
2.375010e+001	1.870618e-002
2.380010e+001	1.869182e-002
2.385010e+001	1.864451e-002
2.390010e+001	1.866715e-002
2.395010e+001	1.864648e-002
2.400010e+001	1.859211e-002
2.405010e+001	1.853978e-002
2.410010e+001	1.845389e-002
2.415010e+001	1.855285e-002
2.420010e+001	1.851006e-002
2.425010e+001	1.849452e-002
2.430010e+001	1.846877e-002
2.435010e+001	1.844989e-002
2.440010e+001	1.843547e-002
2.445010e+001	1.839590e-002
2.450010e+001	1.817345e-002
2.455010e+001	1.837174e-002
2.460010e+001	1.837697e-002
2.465010e+001	1.871735e-002
2.470010e+001	1.827402e-002
2.475010e+001	1.828256e-002
2.480010e+001	1.823588e-002
2.485010e+001	1.823557e-002
2.490010e+001	1.821075e-002
2.495010e+001	1.825123e-002
2.500010e+001	1.818861e-002
2.505010e+001	1.812480e-002
2.510010e+001	1.796180e-002
2.515010e+001	1.813035e-002
2.520010e+001	1.802905e-002
2.525010e+001	1.838128e-002
2.530010e+001	1.808223e-002
2.535010e+001	1.801318e-002
2.540010e+001	1.799740e-002
2.545010e+001	1.797702e-002
2.550010e+001	1.795359e-002
2.555010e+001	1.793240e-002
2.560010e+001	1.788887e-002
2.565010e+001	1.791701e-002
2.570010e+001	1.788693e-002
2.575010e+001	1.782047e-002
2.580010e+001	1.783167e-002
2.585010e+001	1.780008e-002
2.590010e+001	1.778346e-002
2.595010e+001	1.776088e-002
2.600010e+001	1.773769e-002
2.605010e+001	1.770391e-002
2.610010e+001	1.771692e-002
2.615010e+001	1.767942e-002
2.620010e+001	1.762341e-002
2.625010e+001	1.765277e-002
2.630010e+001	1.761193e-002
2.635010e+001	1.758525e-002
2.640010e+001	1.756126e-002
2.645010e+001	1.754423e-002
2.650010e+001	1.774244e-002
2.655010e+001	1.751058e-002
2.660010e+001	1.746402e-002
2.665010e+001	1.748161e-002
2.670010e+001	1.741395e-002
2.675010e+001	1.741005e-002
2.680010e+001	1.740757e-002
2.685010e+001	1.736064e-002
2.690010e+001	1.734276e-002
2.695010e+001	1.732488e-002
2.700010e+001	1.730275e-002
2.705010e+001	1.728373e-002
2.710010e+001	1.712950e-002
2.715010e+001	1.723721e-002
2.720010e+001	1.719579e-002
2.725010e+001	1.721471e-002
2.730010e+001	1.715057e-002
2.735010e+001	1.715350e-002
2.740010e+001	1.712523e-002
2.745010e+001	1.710171e-002
2.750010e+001	1.708328e-002
2.755010e+001	1.706807e-002
2.760010e+001	1.701359e-002
2.765010e+001	1.703340e-002
2.770010e+001	1.697279e-002
2.775010e+001	1.697707e-002
2.780010e+001	1.693123e-002
2.785010e+001	1.691756e-002
2.790010e+001	1.689671e-002
2.795010e+001	1.687133e-002
2.800010e+001	1.684038e-002
2.805010e+001	1.683717e-002
2.810010e+001	1.679462e-002
2.815010e+001	1.658923e-002
2.820010e+001	1.674914e-002
2.825010e+001	1.672852e-002
2.830010e+001	1.670950e-002
2.835010e+001	1.668639e-002
2.840010e+001	1.666052e-002
2.845010e+001	1.663192e-002
2.850010e+001	1.660687e-002
2.855010e+001	1.660768e-002
2.860010e+001	1.654829e-002
2.865010e+001	1.648604e-002
2.870010e+001	1.651837e-002
2.875010e+001	1.649389e-002
2.880010e+001	1.646937e-002
2.885010e+001	1.644091e-002
2.890010e+001	1.641156e-002
2.895010e+001	1.640882e-002
2.900010e+001	1.636474e-002
2.905010e+001	1.633893e-002
2.910010e+001	1.632919e-002
2.915010e+001	1.629709e-002
2.920010e+001	1.626952e-002
2.925010e+001	1.624453e-002
2.930010e+001	1.622635e-002
2.935010e+001	1.619338e-002
2.940010e+001	1.615175e-002
2.945010e+001	1.615021e-002
2.950010e+001	1.612259e-002
2.955010e+001	1.608806e-002
2.960010e+001	1.606156e-002
2.965010e+001	1.603499e-002
2.970010e+001	1.600781e-002
2.975010e+001	1.598115e-002
2.980010e+001	1.595395e-002
2.985010e+001	1.592654e-002
2.990010e+001	1.589922e-002
2.995010e+001	1.587147e-002
3.000010e+001	1.584356e-002
3.005010e+001	1.581533e-002
3.010010e+001	1.578733e-002
3.015010e+001	1.575875e-002
3.020010e+001	1.573009e-002
3.025010e+001	1.570126e-002
3.030010e+001	1.567197e-002
3.035010e+001	1.564268e-002
3.040010e+001	1.561301e-002
3.045010e+001	1.557808e-002
3.050010e+001	1.555314e-002
3.055010e+001	1.552281e-002
3.060010e+001	1.549205e-002
3.065010e+001	1.546120e-002
3.070010e+001	1.543010e-002
3.075010e+001	1.539871e-002
3.080010e+001	1.536694e-002
3.085010e+001	1.533473e-002
3.090010e+001	1.532334e-002
3.095010e+001	1.526954e-002
3.100010e+001	1.523645e-002
3.105010e+001	1.520296e-002
3.110010e+001	1.516837e-002
3.115010e+001	1.514142e-002
3.120010e+001	1.510475e-002
3.125010e+001	1.506242e-002
3.130010e+001	1.503065e-002
3.135010e+001	1.499382e-002
3.140010e+001	1.495793e-002
3.145010e+001	1.491901e-002
3.150010e+001	1.484463e-002
3.155010e+001	1.487188e-002
3.160010e+001	1.480380e-002
3.165010e+001	1.476782e-002
3.170010e+001	1.472702e-002
3.175010e+001	1.468903e-002
3.180010e+001	1.462448e-002
3.185010e+001	1.460647e-002
3.190010e+001	1.469073e-002
3.195010e+001	1.452082e-002
3.200010e+001	1.447883e-002
3.205010e+001	1.460463e-002
3.210010e+001	1.438674e-002
3.215010e+001	1.434019e-002
3.220010e+001	1.429290e-002
3.225010e+001	1.424376e-002
3.230010e+001	1.419445e-002
3.235010e+001	1.414511e-002
3.240010e+001	1.409297e-002
3.245010e+001	1.404013e-002
3.250010e+001	1.398543e-002
3.255010e+001	1.392789e-002
3.260010e+001	1.387239e-002
3.265010e+001	1.381372e-002
3.270010e+001	1.375331e-002
3.275010e+001	1.368871e-002
3.280010e+001	1.362553e-002
3.285010e+001	1.355879e-002
3.290010e+001	1.361732e-002
3.295010e+001	1.341718e-002
3.300010e+001	1.334267e-002
3.305010e+001	1.326449e-002
3.310010e+001	1.318310e-002
3.315010e+001	1.309757e-002
3.320010e+001	1.300738e-002
3.325010e+001	1.292422e-002
3.330010e+001	1.281194e-002
3.335010e+001	1.270484e-002
3.340010e+001	1.259025e-002
3.345010e+001	1.246680e-002
3.350010e+001	1.233291e-002
3.355010e+001	1.218611e-002
3.360010e+001	1.202332e-002
3.365010e+001	1.184010e-002
3.370010e+001	1.162966e-002
3.375010e+001	1.138090e-002
3.380010e+001	1.107424e-002
3.385010e+001	1.066777e-002
3.390010e+001	1.004502e-002
3.395010e+001	9.624920e-003
3.400010e+001	1.152253e-002
3.405010e+001	1.241680e-002
3.410010e+001	1.304409e-002
3.415010e+001	1.353694e-002
3.420010e+001	1.394852e-002
3.425010e+001	1.430484e-002
3.430010e+001	1.462082e-002
3.435010e+001	1.490584e-002
3.440010e+001	1.516624e-002
3.445010e+001	1.540653e-002
3.450010e+001	1.563002e-002
3.455010e+001	1.583925e-002
3.460010e+001	1.603618e-002
3.465010e+001	1.622238e-002
3.470010e+001	1.639913e-002
3.475010e+001	1.656747e-002
3.480010e+001	1.672827e-002
3.485010e+001	1.688229e-002
3.490010e+001	1.703013e-002
3.495010e+001	1.717234e-002
3.500010e+001	1.730940e-002
3.505010e+001	1.744170e-002
3.510010e+001	1.756961e-002
3.515010e+001	1.769345e-002
3.520010e+001	1.781349e-002
3.525010e+001	1.793000e-002
3.530010e+001	1.804319e-002
3.535010e+001	1.815327e-002
3.540010e+001	1.826043e-002
3.545010e+001	1.836483e-002
3.550010e+001	1.846662e-002
3.555010e+001	1.856595e-002
3.560010e+001	1.866294e-002
3.565010e+001	1.875770e-002
3.570010e+001	1.885036e-002
3.575010e+001	1.894100e-002
3.580010e+001	1.902973e-002
3.585010e+001	1.911662e-002
3.590010e+001	1.920176e-002
3.595010e+001	1.928522e-002
3.600010e+001	1.936706e-002
3.605010e+001	1.944737e-002
3.610010e+001	1.952618e-002
3.615010e+001	1.960358e-002
3.620010e+001	1.967959e-002
3.625010e+001	1.975429e-002
3.630010e+001	1.982771e-002
3.635010e+001	1.989990e-002
3.640010e+001	1.997090e-002
3.645010e+001	2.004075e-002
3.650010e+001	2.010950e-002
3.655010e+001	2.017717e-002
3.660010e+001	2.024379e-002
3.665010e+001	2.030942e-002
3.670010e+001	2.037406e-002
3.675010e+001	2.043776e-002
3.680010e+001	2.050053e-002
3.685010e+001	2.056242e-002
3.690010e+001	2.062343e-002
3.695010e+001	2.068361e-002
3.700010e+001	2.074296e-002
3.705010e+001	2.080151e-002
3.710010e+001	2.085929e-002
3.715010e+001	2.091632e-002
3.720010e+001	2.097260e-002
3.725010e+001	2.102817e-002
3.730010e+001	2.108304e-002
3.735010e+001	2.113722e-002
3.740010e+001	2.119074e-002
3.745010e+001	2.124361e-002
3.750010e+001	2.129584e-002
3.755010e+001	2.134745e-002
3.760010e+001	2.139846e-002
3.765010e+001	2.144888e-002
3.770010e+001	2.149871e-002
3.775010e+001	2.154798e-002
3.780010e+001	2.159670e-002
3.785010e+001	2.164487e-002
3.790010e+001	2.169252e-002
3.795010e+001	2.173964e-002
3.800010e+001	2.178626e-002
3.805010e+001	2.183237e-002
3.810010e+001	2.187800e-002
3.815010e+001	2.192315e-002
3.820010e+001	2.196784e-002
3.825010e+001	2.201206e-002
3.830010e+001	2.205583e-002
3.835010e+001	2.209916e-002
3.840010e+001	2.214206e-002
3.845010e+001	2.218453e-002
3.850010e+001	2.222658e-002
3.855010e+001	2.226822e-002
3.860010e+001	2.230946e-002
3.865010e+001	2.235030e-002
3.870010e+001	2.239075e-002
3.875010e+001	2.243082e-002
3.880010e+001	2.247052e-002
3.885010e+001	2.250985e-002
3.890010e+001	2.254881e-002
3.895010e+001	2.258742e-002
3.900010e+001	2.262568e-002
3.905010e+001	2.266359e-002
3.910010e+001	2.270117e-002
3.915010e+001	2.273841e-002
3.920010e+001	2.277532e-002
3.925010e+001	2.281191e-002
3.930010e+001	2.284818e-002
3.935010e+001	2.288414e-002
3.940010e+001	2.291979e-002
3.945010e+001	2.295514e-002
3.950010e+001	2.299018e-002
3.955010e+001	2.302494e-002
3.960010e+001	2.305940e-002
3.965010e+001	2.309358e-002
3.970010e+001	2.312748e-002
3.975010e+001	2.316110e-002
3.980010e+001	2.319444e-002
3.985010e+001	2.322752e-002
3.990010e+001	2.326033e-002
3.995010e+001	2.329288e-002
4.000010e+001	2.332518e-002
4.005010e+001	2.335721e-002
4.010010e+001	2.338900e-002
4.015010e+001	2.342054e-002
4.020010e+001	2.345184e-002
4.025010e+001	2.348289e-002
4.030010e+001	2.351371e-002
4.035010e+001	2.354429e-002
4.040010e+001	2.357464e-002
4.045010e+001	2.360477e-002
4.050010e+001	2.363466e-002
4.055010e+001	2.366434e-002
4.060010e+001	2.369380e-002
4.065010e+001	2.372303e-002
4.070010e+001	2.375206e-002
4.075010e+001	2.378087e-002
4.080010e+001	2.380948e-002
4.085010e+001	2.383788e-002
4.090010e+001	2.386608e-002
4.095010e+001	2.389407e-002
4.100010e+001	2.392187e-002
4.105010e+001	2.394947e-002
4.110010e+001	2.397687e-002
4.115010e+001	2.400409e-002
4.120010e+001	2.403111e-002
4.125010e+001	2.405795e-002
4.130010e+001	2.408461e-002
4.135010e+001	2.411108e-002
4.140010e+001	2.413737e-002
4.145010e+001	2.416348e-002
4.150010e+001	2.418942e-002
4.155010e+001	2.421518e-002
4.160010e+001	2.424077e-002
4.165010e+001	2.426619e-002
4.170010e+001	2.429144e-002
4.175010e+001	2.431652e-002
4.180010e+001	2.434144e-002
4.185010e+001	2.436620e-002
4.190010e+001	2.439079e-002
4.195010e+001	2.441523e-002
4.200010e+001	2.443950e-002
4.205010e+001	2.446362e-002
4.210010e+001	2.448759e-002
4.215010e+001	2.451140e-002
4.220010e+001	2.453507e-002
4.225010e+001	2.455858e-002
4.230010e+001	2.458195e-002
4.235010e+001	2.460516e-002
4.240010e+001	2.462824e-002
4.245010e+001	2.465117e-002
4.250010e+001	2.467396e-002
4.255010e+001	2.469660e-002
4.260010e+001	2.471911e-002
4.265010e+001	2.474148e-002
4.270010e+001	2.476372e-002
4.275010e+001	2.478582e-002
4.280010e+001	2.480778e-002
4.285010e+001	2.482962e-002
4.290010e+001	2.485132e-002
4.295010e+001	2.487289e-002
4.300010e+001	2.489433e-002
4.305010e+001	2.491565e-002
4.310010e+001	2.493684e-002
4.315010e+001	2.495791e-002
4.320010e+001	2.497885e-002
4.325010e+001	2.499967e-002
4.330010e+001	2.502037e-002
4.335010e+001	2.504095e-002
4.340010e+001	2.506141e-002
4.345010e+001	2.508175e-002
4.350010e+001	2.510198e-002
4.355010e+001	2.512209e-002
4.360010e+001	2.514208e-002
4.365010e+001	2.516196e-002
4.370010e+001	2.518173e-002
4.375010e+001	2.520139e-002
4.380010e+001	2.522093e-002
4.385010e+001	2.524037e-002
4.390010e+001	2.525970e-002
4.395010e+001	2.527892e-002
4.400010e+001	2.529804e-002
4.405010e+001	2.531704e-002
4.410010e+001	2.533595e-002
4.415010e+001	2.535475e-002
4.420010e+001	2.537345e-002
4.425010e+001	2.539204e-002
4.430010e+001	2.541053e-002
4.435010e+001	2.542893e-002
4.440010e+001	2.544722e-002
4.445010e+001	2.546542e-002
4.450010e+001	2.548352e-002
4.455010e+001	2.550152e-002
4.460010e+001	2.551942e-002
4.465010e+001	2.553723e-002
4.470010e+001	2.555495e-002
4.475010e+001	2.557257e-002
4.480010e+001	2.559010e-002
4.485010e+001	2.560754e-002
4.490010e+001	2.562488e-002
4.495010e+001	2.564214e-002
4.500010e+001	2.565930e-002
4.505010e+001	2.567638e-002
4.510010e+001	2.569337e-002
4.515010e+001	2.571027e-002
4.520010e+001	2.572708e-002
4.525010e+001	2.574381e-002
4.530010e+001	2.576045e-002
4.535010e+001	2.577701e-002
4.540010e+001	2.579348e-002
4.545010e+001	2.580987e-002
4.550010e+001	2.582618e-002
4.555010e+001	2.584240e-002
4.560010e+001	2.585854e-002
4.565010e+001	2.587460e-002
4.570010e+001	2.589058e-002
4.575010e+001	2.590649e-002
4.580010e+001	2.592231e-002
4.585010e+001	2.593805e-002
4.590010e+001	2.595372e-002
4.595010e+001	2.596931e-002
4.600010e+001	2.598482e-002
4.605010e+001	2.600026e-002
4.610010e+001	2.601562e-002
4.615010e+001	2.603090e-002
4.620010e+001	2.604611e-002
4.625010e+001	2.606125e-002
4.630010e+001	2.607632e-002
4.635010e+001	2.609131e-002
4.640010e+001	2.610623e-002
4.645010e+001	2.612108e-002
4.650010e+001	2.613585e-002
4.655010e+001	2.615056e-002
4.660010e+001	2.616520e-002
4.665010e+001	2.617976e-002
4.670010e+001	2.619426e-002
4.675010e+001	2.620869e-002
4.680010e+001	2.622305e-002
4.685010e+001	2.623734e-002
4.690010e+001	2.625157e-002
4.695010e+001	2.626573e-002
4.700010e+001	2.627983e-002
4.705010e+001	2.629385e-002
4.710010e+001	2.630782e-002
4.715010e+001	2.632172e-002
4.720010e+001	2.633555e-002
4.725010e+001	2.634932e-002
4.730010e+001	2.636303e-002
4.735010e+001	2.637667e-002
4.740010e+001	2.639025e-002
4.745010e+001	2.640377e-002
4.750010e+001	2.641723e-002
4.755010e+001	2.643063e-002
4.760010e+001	2.644397e-002
4.765010e+001	2.645724e-002
4.770010e+001	2.647046e-002
4.775010e+001	2.648362e-002
4.780010e+001	2.649672e-002
4.785010e+001	2.650975e-002
4.790010e+001	2.652274e-002
4.795010e+001	2.653566e-002
4.800010e+001	2.654852e-002
4.805010e+001	2.656133e-002
4.810010e+001	2.657408e-002
4.815010e+001	2.658678e-002
4.820010e+001	2.659942e-002
4.825010e+001	2.661200e-002
4.830010e+001	2.662453e-002
4.835010e+001	2.663701e-002
4.840010e+001	2.664942e-002
4.845010e+001	2.666179e-002
4.850010e+001	2.667410e-002
4.855010e+001	2.668636e-002
4.860010e+001	2.669856e-002
4.865010e+001	2.671072e-002
4.870010e+001	2.672282e-002
4.875010e+001	2.673486e-002
4.880010e+001	2.674686e-002
4.885010e+001	2.675881e-002
4.890010e+001	2.677070e-002
4.895010e+001	2.678254e-002
4.900010e+001	2.679433e-002
4.905010e+001	2.680608e-002
4.910010e+001	2.681777e-002
4.915010e+001	2.682941e-002
4.920010e+001	2.684101e-002
4.925010e+001	2.685255e-002
4.930010e+001	2.686405e-002
4.935010e+001	2.687550e-002
4.940010e+001	2.688690e-002
4.945010e+001	2.689825e-002
4.950010e+001	2.690956e-002
4.955010e+001	2.692082e-002
4.960010e+001	2.693203e-002
4.965010e+001	2.694319e-002
4.970010e+001	2.695431e-002
4.975010e+001	2.696539e-002
4.980010e+001	2.697642e-002
4.985010e+001	2.698740e-002
4.990010e+001	2.699834e-002
4.995010e+001	2.700923e-002
